failed
1.480.940	1.093.881
alignemnt position
0	6603350
1	67544
2	5543
3	2091
4	806
5	329
6	206
7	102
8	120
9	29
10	14
11	8
12	12
13	6
14	1
15	1
39	11
45	25
59	2
84	2
85	4
86	3
87	12
88	11
89	9
90	22
91	29
92	37
93	43
94	86
95	174
96	278
97	11478
98	12106696
99	76462
100	4759
101	1420
102	411
103	131
104	68
105	40
106	13
107	3
108	8
109	2
119	1
140	25
141	2
143	525
144	743
145	74
146	36016
147	6327688
148	157816
149	42948
150	34119
151	109
152	141
153	32
154	99
155	60
156	41
157	12
158	8
159	3
160	7
183	2
211	4
212	7
230	2
234	1
237	6
238	14
239	15
240	64
241	184
242	324
243	13
244	884
245	435
246	105570
247	11463994
248	283812
249	39073
250	1
251	2
252	3
255	248
256	1
257	35
329	615
330	6
354	2
ham scores
0	8813157
1	11819801
2	8585667
3	4454053
4	1927443
5	795664
6	351693
7	217372
8	171084
9	134831
10	107422
unique aligned seqs
37.378.187
