failed
1.752.941	2.041.392
alignemnt position
0	4503817
1	43110
2	2977
3	1234
4	527
5	284
6	148
7	77
8	84
9	34
10	22
11	6
12	14
13	1
14	3
39	25
42	2
45	28
86	1
87	1
89	1
90	5
91	23
92	34
93	25
94	60
95	108
96	114
97	6189
98	7041320
99	43573
100	3117
101	1177
102	356
103	109
104	97
105	39
106	14
107	2
108	7
111	1
136	3
139	1
140	18
142	2
143	342
144	134
145	83
146	19217
147	2089180
148	1589848
149	453816
150	19005
151	89
152	40
153	9
154	1
155	11
156	5
157	2
158	2
160	3
212	6
214	2
237	8
238	5
239	14
240	42
241	145
242	152
243	11
244	488
245	153
246	50260
247	5216655
248	2115865
249	380761
250	1
251	1
255	2
257	1
316	4
328	3
329	1456
330	6
340	6
341	4
342	4
344	2
346	10
347	25
348	3
351	17
353	17
356	1
ham scores
0	1380750
1	3265891
2	4337387
3	4243757
4	3354054
5	2403369
6	1652178
7	1144776
8	804823
9	577548
10	422174
unique aligned seqs
23.586.707
