	0	1	2	3	4	5	6	7	8	9	10	11	12	13	14	15	16	17	18	19	20	21	22	23	24	25	26	27	28	29	30	31	32	33	34	35	36	37	38	39	40	41	42	43	44	45	46	47	48	49	50	51	52	53	54	55	56	57	58	59	60	61	62	63	64	65	66	67	68	69	70	71	72	73	74	75	76	77	78	79	80	81	82	83	84	85	86	87	88	89	90	91	92	93	94	95	96	97	98	99	100	101	102	103	104	105	106	107	108	109	110	111	112	113	114	115	116	117	118	119	120	121	122	123
	M	V	N	S	S	A	S	A	D	K	P	L	S	N	M	K	I	L	T	L	G	K	L	S	R	N	K	D	E	V	K	A	M	I	E	K	L	G	G	K	L	T	G	T	A	N	K	A	S	L	C	I	S	T	K	K	E	V	E	K	M	N	K	K	M	E	E	V	K	E	A	N	I	R	V	V	S	E	D	F	L	Q	D	V	S	A	S	T	K	S	L	Q	E	L	F	L	A	H	I	L	S	P	W	G	A	E	V	K	A	E	P	V	E	V	V	A	P	T	S	H	H	H	H	H
G		0.00	-0.33	-0.33	0.00	-0.68	-0.22	0.00	-0.07	-0.01	2.55	2.81	-0.41	-2.80	1.57	1.26	2.11	2.00	1.45	1.94	0.00	0.01	1.51	0.63	1.25	0.59	1.45	0.39	1.83	3.19	1.64	1.02	2.64	2.21971	0.87	1.28	2.41	0.00	0.00	0.53	3.07	0.80	0.00	0.02	0.05	0.46	0.54	0.94	0.15	2.12	1.91	3.91	-1.09	0.20	1.57	0.45	0.09	2.59	-0.13	0.53	-0.56	0.40	0.85	0.65	2.88	0.67	1.05	0.89	2.14	0.43	0.26	-0.14	2.11	0.18	2.97	1.21	0.47	1.31	0.56	3.09	3.74	0.49	-0.30	2.08	-0.27	0.19	-1.35	-1.13	0.98	0.33	2.49	0.53	1.22	2.73	2.63	1.48	0.08	-0.20	0.74	1.31	0.97	0.11	1.92	0.00	-1.02	0.45	-1.21	0.59	0.04	0.00	0.54	-0.12	-0.14	0.00										
A		0.17	0.37	0.52	2.59	0.46	0.31	1.97	0.35	0.48	1.89	2.43	-0.02	0.46	1.33	0.44	1.03	1.10	0.55	1.22	3.54	0.29	1.35	0.24	1.11	0.82	1.00	0.12	0.85	1.77	0.47	0.00	1.19	0.845714	0.21	0.40	1.65	9.06	6.71	0.62	1.85	0.08	0.30	-0.65	0.00	-0.35	0.54	0.00	0.02	1.48	0.38	2.35	-0.86	0.82	0.93	0.20	-0.42	1.00	0.12	0.12	0.93	1.13	0.39	0.23	1.72	0.06	0.54	-0.35	0.76	-0.02	0.00	0.50	1.54	-1.08	1.44	1.70	1.16	0.54	0.44	2.13	2.53	-0.01	-0.58	0.45	-0.31	0.00	-0.06	-1.04	0.70	0.37	1.97	0.11	0.39	1.26	1.37	0.74	0.00	-0.29	0.44	0.38	0.43	0.14	2.57	7.99	0.00	0.34	-0.71	0.25	0.08	1.40	0.61	-0.04	0.18	0.58										
V		0.29	0.43	0.93	3.31	1.09	0.96	2.98	1.05	2.40	3.16	4.42	1.53	1.46	2.15	1.09	-0.35	1.68	-1.24	0.33	7.56	0.25	1.10	0.54	2.04	1.42	0.80	-0.11	1.20	-0.00	1.64	0.17	1.12	-0.0671957	0.92	0.99	3.61	23.08	20.29	0.58	2.40	-0.84	0.20	0.15	4.33	0.08	2.04	3.12	0.19	0.57	0.22	0.24	2.28	0.41	1.28	0.76	0.08	-0.00	0.94	0.58	1.78	1.34	0.66	0.76	0.71	0.50	1.28	-0.01	1.41	0.26	1.71	1.25	0.18	-1.14	0.00	0.00	2.58	0.15	1.32	2.77	1.85	0.79	1.92	-0.00	0.32	0.93	2.86	-0.07	1.06	0.63	2.06	0.36	0.23	1.50	1.57	0.86	1.28	1.80	1.05	0.79	4.35	0.22	2.78	24.65	0.24	0.86	-0.00	0.58	0.39	2.49	1.12	0.55	0.62	0.90										
L		0.24	0.21	0.71	2.62	0.70	0.68	2.28	0.46	0.46	1.97	-0.01	0.02	-0.26	0.49	-0.38	-0.11	-0.07	-0.62	0.00	5.97	0.19	-0.02	0.13	0.36	0.69	-0.52	-0.52	0.30	-0.61	-0.27	-0.47	-0.16	0.630579	-0.55	-0.03	-0.03	19.44	26.15	0.05	-0.02	1.06	0.05	-0.78	4.48	-1.09	0.18	7.59	-1.00	-0.08	2.82	0.89	7.46	-0.06	0.13	0.07	-1.32	2.37	-0.40	0.03	0.13	0.87	0.27	-0.14	0.44	-0.83	0.06	1.75	-0.35	-0.34	1.11	0.44	0.64	-0.56	4.14	4.03	1.37	-1.66	0.66	0.32	-0.00	0.05	0.20	3.55	-1.40	0.20	1.46	-1.06	-0.10	0.01	-0.04	-0.30	-0.39	-0.02	0.90	-0.01	-0.53	0.35	-0.62	-0.01	6.71	-0.30	1.25	25.24	-0.20	0.44	-0.75	0.27	-0.01	1.60	0.50	0.14	0.27	0.60										
I		0.31	0.62	1.21	3.15	1.13	1.22	3.04	0.84	3.50	4.31	3.62	1.28	1.46	1.94	1.73	-0.04	3.35	-0.84	0.41	7.80	0.17	1.33	0.27	2.84	1.16	0.39	-0.54	0.76	-0.52	1.37	-0.41	0.56	-0.0032981	0.46	0.29	2.38	26.52	26.87	0.32	1.64	0.55	0.30	-0.07	5.83	-0.65	1.44	5.18	0.29	1.18	2.67	-0.01	5.35	0.42	0.70	0.47	0.27	1.23	0.44	0.29	1.83	1.24	0.40	0.40	1.44	-0.04	0.94	1.88	1.38	-0.16	2.17	1.54	-0.00	-0.08	1.71	3.50	2.77	-0.87	0.96	2.84	1.00	0.62	2.17	2.86	-0.05	0.73	3.64	-0.81	1.03	0.40	1.88	0.10	-0.14	1.35	1.13	0.36	0.88	2.82	-0.04	0.88	9.49	0.04	2.08	30.35	-0.26	0.86	-0.20	0.48	0.18	2.31	1.05	0.38	0.68	0.85										
M		0.17	0.46	0.65	2.49	0.58	0.33	2.04	0.23	0.43	1.57	1.34	0.06	0.55	-0.02	-0.02	1.89	1.21	-1.12	0.62	5.31	0.24	-0.39	0.01	0.29	0.93	0.10	-0.26	0.62	-0.33	-0.07	-0.35	-0.04	1.39232	-0.44	-0.26	0.75	15.39	22.78	-0.32	0.13	0.17	0.90	-0.85	1.96	-1.00	0.28	7.02	-0.16	1.19	3.41	0.79	6.84	0.02	0.10	0.27	-1.30	0.51	-0.54	0.13	-0.01	0.60	0.36	0.01	-0.03	-0.66	-0.06	3.04	-0.18	-0.54	0.39	0.32	0.80	-1.22	4.19	5.54	1.18	-0.96	0.84	0.22	0.72	-0.05	0.12	3.08	-1.54	0.37	0.24	-1.05	-0.11	0.09	0.58	-0.24	-0.08	0.93	0.84	0.04	-0.48	0.05	-0.37	0.02	8.00	-0.42	0.61	19.45	-0.11	0.48	-0.84	0.17	-0.23	1.42	0.72	0.07	0.51	0.38										
F		0.45	0.40	0.45	2.55	0.33	0.12	2.05	0.21	0.74	1.90	7.62	-0.21	0.30	1.79	0.10	9.10	0.82	1.66	3.54	4.35	0.26	4.46	0.15	0.45	0.70	0.55	-0.80	0.75	5.67	0.21	-0.33	0.40	8.17265	0.19	0.03	3.16	24.20	55.62	0.17	1.40	0.34	0.25	-0.65	7.43	-1.09	-0.01	22.25	0.20	7.10	11.54	11.75	21.04	0.04	0.30	0.27	2.77	2.28	0.23	0.18	0.14	1.14	0.09	-0.03	9.69	-0.44	0.32	12.94	0.02	-0.15	1.24	0.10	4.56	2.53	17.50	16.38	1.14	-0.12	0.76	-0.02	6.85	0.10	-0.24	17.43	-1.02	0.05	2.51	-0.81	0.47	0.48	2.49	-0.23	-0.06	8.08	-0.00	0.32	-0.12	0.28	2.55	0.61	17.89	-0.72	-0.36	31.31	-0.29	0.29	-0.98	-0.10	-0.14	1.96	0.46	-0.12	0.36	0.35										
W		0.17	0.55	0.71	2.62	0.67	0.58	2.26	0.46	1.77	2.31	16.09	0.49	0.55	2.54	0.49	21.68	6.91	3.03	6.22	6.93	0.42	6.49	0.25	0.68	1.26	0.97	-0.57	0.95	13.26	0.67	0.08	0.63	12.3081	0.19	0.02	5.98	23.72	65.03	0.53	1.45	1.38	0.29	-0.06	10.54	-0.37	0.52	42.86	1.37	14.37	21.90	19.82	35.28	0.74	0.66	0.51	3.65	2.99	0.16	0.48	1.77	1.90	0.38	0.33	17.47	-0.25	0.51	26.15	0.44	-0.06	2.63	1.14	5.14	2.23	28.62	29.89	2.66	0.43	0.94	6.05	11.70	0.31	0.58	28.39	-0.78	0.17	4.85	-0.36	0.62	0.79	3.39	-0.35	0.36	13.72	1.56	0.35	0.15	0.91	3.91	4.22	15.73	-0.51	-0.02	35.08	-0.37	0.36	-0.54	0.38	0.16	3.04	0.94	0.15	0.56	0.39										
P		0.14	2.04	2.98	4.51	2.82	2.92	3.99	1.38	3.36	-0.01	2.51	6.46	3.67	9.35	0.11	6.35	7.75	0.21	4.75	10.66	1.59	0.79	-0.41	1.56	0.41	-0.39	-0.36	-0.05	6.50	7.86	5.60	5.09	4.70005	6.31	6.21	7.59	21.72	18.05	4.16	0.42	4.94	0.81	-1.16	0.13	0.38	1.90	10.95	4.36	6.66	6.95	7.34	2.18	0.01	-0.03	-0.43	-0.84	3.74	6.36	6.96	7.39	0.10	-0.00	-0.63	0.99	10.22	3.88	2.09	6.95	3.75	3.28	3.11	9.69	-3.25	4.13	5.04	2.78	-0.39	0.55	7.08	4.96	0.84	4.64	10.07	8.73	3.71	12.51	-1.26	2.41	-0.25	0.67	-1.53	0.80	5.69	7.27	3.43	6.05	5.04	3.57	5.96	8.22	-0.99	3.03	19.49	1.64	0.97	1.57	1.00	2.33	2.82	-0.00	1.25	2.46	1.52										
S		0.13	-0.00	-0.01	2.26	-0.00	0.00	1.68	0.52	0.93	3.03	3.46	-0.00	0.55	1.11	1.17	3.04	1.71	0.90	1.80	4.35	0.19	1.32	-0.01	1.06	0.36	1.30	0.03	1.72	3.19	1.07	0.91	2.32	1.83116	0.50	0.72	2.50	13.16	10.42	-0.25	3.16	0.49	0.26	-0.61	1.47	0.33	0.94	-0.05	-0.00	1.79	1.42	3.81	-0.05	-0.04	1.41	0.45	0.56	1.94	0.15	-0.09	0.68	0.55	0.76	0.80	2.69	0.48	0.93	0.13	1.23	-0.06	0.61	0.77	2.62	0.16	2.40	1.81	-0.03	1.59	0.81	3.17	3.14	-0.11	0.18	2.00	0.00	0.06	-0.00	-0.85	0.94	-0.00	2.53	0.54	1.20	2.75	3.30	0.87	0.64	-0.16	0.37	1.62	-0.03	0.00	2.53	14.32	-0.48	0.34	-0.84	0.17	-0.00	1.35	0.48	-0.02	-0.00	0.52										
T		0.20	0.24	0.42	2.67	0.79	0.71	2.70	0.73	2.41	4.28	4.22	1.99	1.26	1.15	0.75	1.95	2.54	-0.00	1.80	6.95	0.05	1.50	0.09	2.68	0.60	0.91	-0.39	1.68	1.92	2.34	1.24	2.15	0.472434	0.75	1.04	2.62	21.73	18.43	-0.15	3.59	0.01	0.08	-0.02	4.16	0.65	2.22	2.19	0.38	1.58	1.47	2.36	2.44	0.01	1.33	0.47	0.60	1.26	1.29	0.25	0.90	0.98	0.65	1.01	1.71	0.86	1.32	0.12	1.86	0.31	0.96	1.42	1.89	0.48	1.40	1.23	1.41	1.35	0.99	2.32	2.05	0.43	1.74	3.04	0.63	0.58	2.00	0.00	1.10	0.05	1.99	0.50	0.79	2.74	2.93	0.79	1.97	0.75	0.90	2.33	3.36	0.23	4.12	23.19	0.11	0.74	-0.17	0.47	0.17	2.24	0.97	0.25	0.35	0.69										
C		0.17	0.37	0.48	2.58	0.46	0.52	2.04	0.69	0.52	2.46	2.25	-0.33	0.51	1.19	0.47	1.16	0.98	0.04	0.79	5.09	0.19	0.90	0.56	1.40	0.92	1.19	0.42	1.62	1.93	1.35	0.84	1.88	1.43176	0.72	0.94	1.96	13.54	12.09	0.28	2.19	0.25	1.06	-0.53	0.82	0.24	0.76	0.25	-0.10	0.86	-0.01	1.78	1.22	0.35	1.46	0.77	0.13	1.71	0.61	0.68	0.39	0.92	0.77	0.65	1.92	0.40	1.08	-0.24	1.31	0.36	0.48	0.79	1.33	-0.55	0.98	0.84	1.60	0.42	1.20	2.61	3.00	0.61	0.44	1.66	-0.27	0.27	0.15	0.00	0.74	0.65	2.16	0.60	0.91	2.08	2.39	1.14	0.29	0.21	0.26	0.89	0.95	0.00	2.44	14.16	-0.35	0.52	-0.71	0.35	0.08	1.55	1.02	0.27	0.59	0.56										
Y		0.55	0.43	0.48	2.59	0.41	0.17	2.17	0.54	0.87	2.54	11.31	-0.11	0.54	1.99	0.05	12.53	2.04	2.89	4.81	4.79	0.28	5.76	0.03	0.56	0.83	0.65	-0.76	0.88	9.04	0.26	-0.48	0.58	10.4476	0.24	0.06	4.57	24.12	60.71	0.24	1.69	0.39	0.28	-0.57	9.95	-0.60	0.05	29.50	0.43	8.93	17.80	15.24	24.81	0.17	0.39	0.26	4.17	1.90	0.26	0.15	0.73	1.21	-0.04	0.03	13.17	-0.41	0.45	17.19	0.16	-0.12	1.83	0.38	5.38	2.82	23.43	21.08	1.44	0.17	0.70	2.60	9.70	0.24	-0.01	23.10	-0.91	0.12	3.08	-0.83	0.57	0.74	2.80	-0.14	0.04	15.17	1.16	0.42	-0.06	0.05	2.55	0.68	22.29	-0.49	0.82	33.75	-0.18	0.28	-0.84	-0.06	-0.00	2.22	0.52	-0.07	0.39	0.40										
N		0.17	-0.01	0.12	2.11	0.18	0.02	1.72	0.26	0.83	2.56	3.58	0.41	-0.00	1.41	0.36	3.16	1.38	1.85	1.52	4.64	0.33	1.81	0.41	0.46	-0.02	1.41	-0.24	1.52	2.58	1.71	0.39	1.96	3.27982	0.18	0.57	2.00	18.20	22.85	0.21	3.02	0.54	0.01	-0.29	4.78	-0.00	0.30	7.37	-0.56	2.19	2.64	3.06	5.47	-0.31	1.52	0.69	0.79	2.98	0.41	0.45	-0.77	-0.00	0.74	0.76	2.60	0.43	0.79	2.50	1.53	0.07	0.31	-0.07	1.66	0.86	3.86	3.77	0.56	1.24	0.63	3.61	4.18	0.18	0.13	3.85	-0.12	-0.15	1.34	-1.23	0.25	-0.50	2.34	0.74	0.77	3.11	3.63	0.91	-0.31	-0.79	0.87	1.00	7.44	-0.03	1.90	22.25	-0.42	0.35	-0.67	0.10	-0.15	1.58	0.42	0.05	-0.07	0.54										
Q		0.12	0.36	0.54	2.32	0.75	0.45	2.02	0.20	0.88	2.29	4.23	0.10	-0.22	1.59	0.38	5.10	2.93	1.14	2.23	5.93	0.08	1.68	0.15	1.08	0.49	0.73	-0.40	0.53	2.56	0.76	-0.09	1.37	4.11503	-0.09	0.38	2.74	16.60	29.31	0.04	2.45	0.77	-0.16	-0.38	3.99	-0.43	0.20	10.97	-0.53	3.12	5.40	3.24	8.66	0.04	0.66	0.06	0.46	2.04	-0.09	0.01	0.08	1.31	0.25	0.15	2.82	-0.44	0.44	5.00	0.50	-0.35	0.94	-0.02	2.63	-0.47	7.98	7.65	1.50	0.75	0.45	3.69	3.90	-0.02	0.53	6.85	-0.65	-0.03	0.60	-1.16	0.23	0.19	1.65	-0.01	0.06	3.09	3.37	0.37	0.16	1.12	0.88	0.68	13.67	-0.07	2.32	24.23	-0.36	0.36	-0.39	0.28	0.00	1.51	0.79	-0.08	0.16	0.48										
D		-0.15	0.00	0.32	1.90	0.16	0.11	1.54	-0.00	2.14	3.82	4.81	0.27	0.51	1.91	0.92	4.54	2.68	2.48	2.96	6.63	0.50	3.33	0.76	2.51	-0.08	1.17	-0.01	0.83	5.33	2.24	0.65	2.47	4.82466	0.64	1.14	4.26	19.00	22.13	0.66	3.68	0.55	-0.69	0.09	6.55	0.34	0.60	9.30	-1.07	2.45	3.41	4.95	7.10	-0.39	1.12	0.50	0.23	4.14	0.37	0.55	1.59	-0.51	0.37	0.76	4.37	0.73	0.49	3.95	2.24	0.43	1.82	-0.16	3.26	1.73	4.60	5.73	0.82	1.40	-0.00	4.02	5.36	0.33	-0.04	4.30	0.01	0.25	3.43	-1.07	0.93	-0.41	1.97	0.23	0.34	4.30	3.43	1.04	0.51	2.15	2.13	2.24	6.97	0.03	1.49	21.63	-0.35	-0.08	-0.63	-0.07	-0.00	1.43	0.25	-0.05	0.45	0.64										
E		0.01	0.10	0.38	2.40	0.58	0.35	2.04	0.23	1.47	3.09	5.06	0.47	0.56	1.84	0.50	5.33	3.90	1.73	2.99	7.10	0.24	2.89	0.59	2.47	0.33	0.31	-0.39	-0.01	4.33	1.06	0.06	1.60	5.25433	-0.02	0.51	3.93	16.97	28.87	0.13	3.12	0.67	-0.26	-0.49	4.88	-0.06	0.65	11.32	-0.25	2.85	6.03	5.20	9.85	0.46	0.60	-0.17	-0.02	2.71	-0.01	0.39	0.80	0.69	0.21	0.01	4.24	-0.01	-0.03	6.59	1.29	-0.00	1.66	0.63	3.79	-0.45	8.73	7.45	1.74	-0.07	0.07	4.34	5.34	0.02	0.33	6.97	-0.41	0.23	1.96	-1.01	0.78	-0.16	1.25	-0.53	-0.01	4.56	3.03	0.58	0.05	2.34	1.59	1.29	13.57	-0.16	2.27	24.09	-0.11	-0.01	-0.47	0.13	0.11	1.71	0.64	-0.06	0.26	0.52										
K		0.12	0.39	0.55	2.34	0.47	0.30	1.93	-0.17	-0.05	1.78	6.93	-0.03	0.45	1.41	-0.02	8.47	2.19	1.07	2.50	5.36	-0.03	1.48	0.03	0.62	0.52	-0.01	-0.66	0.44	2.46	-0.01	-0.16	0.79	5.08176	-0.21	-0.01	2.22	16.47	31.86	-0.02	2.45	0.51	-0.05	-1.09	3.80	-0.97	-0.04	11.96	-0.52	5.92	8.44	4.60	11.80	-0.02	-0.01	-0.01	0.13	1.55	-0.12	-0.00	-0.31	0.96	-0.01	-0.01	4.42	-0.73	0.40	6.30	-0.01	-0.58	0.31	-1.32	1.44	-0.39	10.27	11.71	1.02	1.04	0.42	4.88	4.55	0.07	-0.03	8.17	-1.13	-0.53	0.50	-1.20	-0.02	0.16	1.12	-0.40	0.09	2.21	3.93	0.35	-0.14	-0.29	0.28	0.34	12.34	-0.24	2.35	23.39	-0.34	0.35	-0.83	-0.01	-0.10	1.67	0.44	0.05	0.15	0.45										
R		0.08	0.20	0.28	2.13	0.06	0.29	1.51	-0.03	0.06	2.02	11.13	0.04	0.30	1.57	-0.17	13.87	3.48	1.71	2.20	5.51	-0.04	2.95	-0.01	-0.01	0.72	0.42	-0.47	0.73	2.77	0.52	0.12	1.16	9.29528	-0.41	0.02	2.38	16.42	36.08	-0.04	2.79	0.91	0.13	-0.81	4.40	-0.75	-0.19	23.28	-0.07	8.68	13.06	8.48	19.72	0.21	0.36	0.09	0.80	1.82	0.09	0.17	-0.17	1.15	0.05	0.16	8.75	-0.66	0.59	12.03	0.32	-0.47	0.68	-0.60	1.56	-0.23	15.96	17.81	1.33	1.28	0.48	7.92	6.79	0.04	0.17	8.72	-0.79	-0.69	0.75	-1.31	0.09	0.20	1.60	-0.04	0.30	4.87	4.27	0.52	-0.04	-0.06	0.70	0.82	9.83	-0.22	2.38	23.85	-0.33	0.30	-0.87	-0.03	-0.48	1.71	0.38	-0.09	0.03	0.47										
H		0.24	0.36	0.57	2.56	0.55	0.51	1.91	0.35	0.91	2.56	7.08	0.73	0.10	2.53	0.78	8.98	2.17	3.43	3.78	6.53	0.10	4.12	0.55	0.72	0.75	1.54	0.14	1.08	5.34	1.64	0.48	1.56	9.81375	0.45	0.47	4.79	27.46	52.53	0.42	2.40	1.59	0.38	0.00	7.86	0.08	0.30	16.51	-0.04	6.52	10.43	9.87	20.93	0.78	1.27	0.74	3.38	4.87	0.70	0.51	0.85	1.67	0.79	0.78	7.66	0.38	1.07	11.26	1.08	0.17	1.53	0.04	4.43	2.77	15.55	10.64	2.22	1.41	1.16	3.20	6.57	0.59	1.75	16.25	-0.22	-0.29	2.79	-1.10	0.58	0.65	2.85	0.69	0.78	7.24	3.08	1.11	0.15	-0.08	1.47	1.62	18.68	0.04	2.28	32.37	-0.05	0.47	-0.48	0.36	0.29	2.26	0.65	0.23	0.42	0.57										
